1744208876274 0.0030397751834243536 0
1744209364135 0.001467240392230451 1
1744209853591 0.0010849047685042024 2
1744210340759 0.0013706230092793703 3
1744210821048 0.00043017242569476366 4
1744211309930 0.0006739753880538046 5
1744211801080 0.0007026036037132144 6
1744212290861 0.00032625143649056554 7
1744212781491 0.00041317782597616315 8
1744213273795 0.00045460127876140177 9
1744213762375 0.00031308113830164075 10
1744215478591 0.000806693104095757 11
1744215965855 0.0014394986210390925 12
1744216459929 0.0005663703777827322 13
1744216950487 0.0006592842401005328 14
