1744208876272 0.0003618831397034228 0
1744209364132 3.3412445191061124e-05 1
1744209853587 7.731265213806182e-06 2
1744210340757 7.49834589441889e-06 3
1744210821045 7.838172564333945e-07 4
1744211309926 1.0878368357225554e-06 5
1744211801074 1.4472971088252962e-06 6
1744212290860 2.581257660949632e-07 7
1744212781488 4.3391185045038583e-07 8
1744213273793 1.325723701484094e-06 9
1744213762372 6.43179873804911e-07 10
1744215478588 2.7166765903530177e-06 11
1744215965853 1.0524576282477938e-05 12
1744216459926 6.500420681732066e-07 13
1744216950483 7.892601274761546e-07 14
